25
---------------------------------------
40.723158155168804
13.987301009041923
4.7310256617409845
0.7707349359989166
0.520755335688591
0.4502723791769573
0.4455803654023579
---------------------------------------



50
---------------------------------------
19.584662573678152
5.834308624267578
1.4563399382999964
0.7650215753487178
0.5130196937492916
0.4533918244498117
0.4444088616541454
---------------------------------------

75
---------------------------------------
6.993595974785941
0.9922153651714325
0.5737931919949395
0.5065493264368602
0.4596418929951532
0.4428142522062574
0.44261319083826883
---------------------------------------

100
---------------------------------------
12.01703759602138
3.6499837807246616
1.105816764490945
0.4742705907140459
0.44687677706990925
0.44386595700468334
0.4425972636256899
---------------------------------------
