((0,1,2),((4,5,6), ((8,9,10),((12,13,14),((16,17,18),((20,21,22),((24,25,26),),((28,29,30),)),((32,33,34),)),((36,37,38),)),((40,41,42),)),((44,45,46),)),((48,49,50),)) : ((0,1),((4,5), ((8,9),((12,13),((16,17),((20,21),((24,25),),((28,29),)),((32,33),)),((36,37),)),((40,41),)),((44,45),)),((48,49),))
((0,1,2),((4,5,6), ((8,9,10),((12,13,14),((16,17,18),((20,21,22),((24,25,26),),((28,29,30),)),((32,33,34),)),((36,37,38),)),((40,41,42),)),((44,45,46),)),((48,49,50),)) : ((0,1),((4,5), ((8,9),((12,13),((16,17),((20,21),((24,25),),((28,29),)),((32,33),)),((36,37),)),((40,41),)),((44,45),)),((48,49),))
((0,1,2),((4,5,6), ((8,9,10),((12,13,14),((16,17,18),((20,21,22),((24,25,26),),((28,29,30),)),((32,33,34),)),((36,37,38),)),((40,41,42),)),((44,45,46),)),((48,49,50),)) : ((0,1),((4,5), ((8,9),((12,13),((16,17),((20,21),((24,25),),((28,29),)),((32,33),)),((36,37),)),((40,41),)),((44,45),)),((48,49),))
((0,1,2),((4,5,6), ((8,9,10),((12,13,14),((16,17,18),((20,21,22),((24,25,26),),((28,29,30),)),((32,33,34),)),((36,37,38),)),((40,41,42),)),((44,45,46),)),((48,49,50),)) : ((0,1),((4,5), ((8,9),((12,13),((16,17),((20,21),((24,25),),((28,29),)),((32,33),)),((36,37),)),((40,41),)),((44,45),)),((48,49),))
((0,1,2),((4,5,6), ((8,9,10),((12,13,14),((16,17,18),((20,21,22),((24,25,26),),((28,29,30),)),((32,33,34),)),((36,37,38),)),((40,41,42),)),((44,45,46),)),((48,49,50),)) : ((0,1),((4,5), ((8,9),((12,13),((16,17),((20,21),((24,25),),((28,29),)),((32,33),)),((36,37),)),((40,41),)),((44,45),)),((48,49),))
((0,1,2),((4,5,6), ((8,9,10),((12,13,14),((16,17,18),((20,21,22),((24,25,26),),((28,29,30),)),((32,33,34),)),((36,37,38),)),((40,41,42),)),((44,45,46),)),((48,49,50),)) : ((0,1),((4,5), ((8,9),((12,13),((16,17),((20,21),((24,25),),((28,29),)),((32,33),)),((36,37),)),((40,41),)),((44,45),)),((48,49),))
((0,1,2),((4,5,6), ((8,9,10),((12,13,14),((16,17,18),((20,21,22),((24,25,26),),((28,29,30),)),((32,33,34),)),((36,37,38),)),((40,41,42),)),((44,45,46),)),((48,49,50),)) : ((0,1),((4,5), ((8,9),((12,13),((16,17),((20,21),((24,25),),((28,29),)),((32,33),)),((36,37),)),((40,41),)),((44,45),)),((48,49),))
((0,1,2),((4,5,6), ((8,9,10),((12,13,14),((16,17,18),((20,21,22),((24,25,26),),((28,29,30),)),((32,33,34),)),((36,37,38),)),((40,41,42),)),((44,45,46),)),((48,49,50),)) : ((0,1),((4,5), ((8,9),((12,13),((16,17),((20,21),((24,25),),((28,29),)),((32,33),)),((36,37),)),((40,41),)),((44,45),)),((48,49),))
((0,1,2),((4,5,6), ((8,9,10),((12,13,14),((16,17,18),((20,21,22),((24,25,26),),((28,29,30),)),((32,33,34),)),((36,37,38),)),((40,41,42),)),((44,45,46),)),((48,49,50),)) : ((0,1),((4,5), ((8,9),((12,13),((16,17),((20,21),((24,25),),((28,29),)),((32,33),)),((36,37),)),((40,41),)),((44,45),)),((48,49),))
((0,1,2),((4,5,6), ((8,9,10),((12,13,14),((16,17,18),((20,21,22),((24,25,26),),((28,29,30),)),((32,33,34),)),((36,37,38),)),((40,41,42),)),((44,45,46),)),((48,49,50),)) : ((0,1),((4,5), ((8,9),((12,13),((16,17),((20,21),((24,25),),((28,29),)),((32,33),)),((36,37),)),((40,41),)),((44,45),)),((48,49),))
((0,1,2),((4,5,6), ((8,9,10),((12,13,14),((16,17,18),((20,21,22),((24,25,26),),((28,29,30),)),((32,33,34),)),((36,37,38),)),((40,41,42),)),((44,45,46),)),((48,49,50),)) : ((0,1),((4,5), ((8,9),((12,13),((16,17),((20,21),((24,25),),((28,29),)),((32,33),)),((36,37),)),((40,41),)),((44,45),)),((48,49),))
((0,1,2),((4,5,6), ((8,9,10),((12,13,14),((16,17,18),((20,21,22),((24,25,26),),((28,29,30),)),((32,33,34),)),((36,37,38),)),((40,41,42),)),((44,45,46),)),((48,49,50),)) : ((0,1),((4,5), ((8,9),((12,13),((16,17),((20,21),((24,25),),((28,29),)),((32,33),)),((36,37),)),((40,41),)),((44,45),)),((48,49),))
((0,1,2),((4,5,6), ((8,9,10),((12,13,14),((16,17,18),((20,21,22),((24,25,26),),((28,29,30),)),((32,33,34),)),((36,37,38),)),((40,41,42),)),((44,45,46),)),((48,49,50),)) : ((0,1),((4,5), ((8,9),((12,13),((16,17),((20,21),((24,25),),((28,29),)),((32,33),)),((36,37),)),((40,41),)),((44,45),)),((48,49),))
((0,1,2),((4,5,6), ((8,9,10),((12,13,14),((16,17,18),((20,21,22),((24,25,26),),((28,29,30),)),((32,33,34),)),((36,37,38),)),((40,41,42),)),((44,45,46),)),((48,49,50),)) : ((0,1),((4,5), ((8,9),((12,13),((16,17),((20,21),((24,25),),((28,29),)),((32,33),)),((36,37),)),((40,41),)),((44,45),)),((48,49),))
((0,1,2),((4,5,6), ((8,9,10),((12,13,14),((16,17,18),((20,21,22),((24,25,26),),((28,29,30),)),((32,33,34),)),((36,37,38),)),((40,41,42),)),((44,45,46),)),((48,49,50),)) : ((0,1),((4,5), ((8,9),((12,13),((16,17),((20,21),((24,25),),((28,29),)),((32,33),)),((36,37),)),((40,41),)),((44,45),)),((48,49),))
((0,1,2),((4,5,6), ((8,9,10),((12,13,14),((16,17,18),((20,21,22),((24,25,26),),((28,29,30),)),((32,33,34),)),((36,37,38),)),((40,41,42),)),((44,45,46),)),((48,49,50),)) : ((0,1),((4,5), ((8,9),((12,13),((16,17),((20,21),((24,25),),((28,29),)),((32,33),)),((36,37),)),((40,41),)),((44,45),)),((48,49),))
((0,1,2),((4,5,6), ((8,9,10),((12,13,14),((16,17,18),((20,21,22),((24,25,26),),((28,29,30),)),((32,33,34),)),((36,37,38),)),((40,41,42),)),((44,45,46),)),((48,49,50),)) : ((0,1),((4,5), ((8,9),((12,13),((16,17),((20,21),((24,25),),((28,29),)),((32,33),)),((36,37),)),((40,41),)),((44,45),)),((48,49),))
((0,1,2),((4,5,6), ((8,9,10),((12,13,14),((16,17,18),((20,21,22),((24,25,26),),((28,29,30),)),((32,33,34),)),((36,37,38),)),((40,41,42),)),((44,45,46),)),((48,49,50),)) : ((0,1),((4,5), ((8,9),((12,13),((16,17),((20,21),((24,25),),((28,29),)),((32,33),)),((36,37),)),((40,41),)),((44,45),)),((48,49),))
((0,1,2),((4,5,6), ((8,9,10),((12,13,14),((16,17,18),((20,21,22),((24,25,26),),((28,29,30),)),((32,33,34),)),((36,37,38),)),((40,41,42),)),((44,45,46),)),((48,49,50),)) : ((0,1),((4,5), ((8,9),((12,13),((16,17),((20,21),((24,25),),((28,29),)),((32,33),)),((36,37),)),((40,41),)),((44,45),)),((48,49),))
((0,1,2),((4,5,6), ((8,9,10),((12,13,14),((16,17,18),((20,21,22),((24,25,26),),((28,29,30),)),((32,33,34),)),((36,37,38),)),((40,41,42),)),((44,45,46),)),((48,49,50),)) : ((0,1),((4,5), ((8,9),((12,13),((16,17),((20,21),((24,25),),((28,29),)),((32,33),)),((36,37),)),((40,41),)),((44,45),)),((48,49),))
((0,1,2),((4,5,6), ((8,9,10),((12,13,14),((16,17,18),((20,21,22),((24,25,26),),((28,29,30),)),((32,33,34),)),((36,37,38),)),((40,41,42),)),((44,45,46),)),((48,49,50),)) : ((0,1),((4,5), ((8,9),((12,13),((16,17),((20,21),((24,25),),((28,29),)),((32,33),)),((36,37),)),((40,41),)),((44,45),)),((48,49),))
((0,1,2),((4,5,6), ((8,9,10),((12,13,14),((16,17,18),((20,21,22),((24,25,26),),((28,29,30),)),((32,33,34),)),((36,37,38),)),((40,41,42),)),((44,45,46),)),((48,49,50),)) : ((0,1),((4,5), ((8,9),((12,13),((16,17),((20,21),((24,25),),((28,29),)),((32,33),)),((36,37),)),((40,41),)),((44,45),)),((48,49),))
((0,1,2),((4,5,6), ((8,9,10),((12,13,14),((16,17,18),((20,21,22),((24,25,26),),((28,29,30),)),((32,33,34),)),((36,37,38),)),((40,41,42),)),((44,45,46),)),((48,49,50),)) : ((0,1),((4,5), ((8,9),((12,13),((16,17),((20,21),((24,25),),((28,29),)),((32,33),)),((36,37),)),((40,41),)),((44,45),)),((48,49),))
((0,1,2),((4,5,6), ((8,9,10),((12,13,14),((16,17,18),((20,21,22),((24,25,26),),((28,29,30),)),((32,33,34),)),((36,37,38),)),((40,41,42),)),((44,45,46),)),((48,49,50),)) : ((0,1),((4,5), ((8,9),((12,13),((16,17),((20,21),((24,25),),((28,29),)),((32,33),)),((36,37),)),((40,41),)),((44,45),)),((48,49),))
((0,1,2),((4,5,6), ((8,9,10),((12,13,14),((16,17,18),((20,21,22),((24,25,26),),((28,29,30),)),((32,33,34),)),((36,37,38),)),((40,41,42),)),((44,45,46),)),((48,49,50),)) : ((0,1),((4,5), ((8,9),((12,13),((16,17),((20,21),((24,25),),((28,29),)),((32,33),)),((36,37),)),((40,41),)),((44,45),)),((48,49),))
((0,1,2),((4,5,6), ((8,9,10),((12,13,14),((16,17,18),((20,21,22),((24,25,26),),((28,29,30),)),((32,33,34),)),((36,37,38),)),((40,41,42),)),((44,45,46),)),((48,49,50),)) : ((0,1),((4,5), ((8,9),((12,13),((16,17),((20,21),((24,25),),((28,29),)),((32,33),)),((36,37),)),((40,41),)),((44,45),)),((48,49),))
((0,1,2),((4,5,6), ((8,9,10),((12,13,14),((16,17,18),((20,21,22),((24,25,26),),((28,29,30),)),((32,33,34),)),((36,37,38),)),((40,41,42),)),((44,45,46),)),((48,49,50),)) : ((0,1),((4,5), ((8,9),((12,13),((16,17),((20,21),((24,25),),((28,29),)),((32,33),)),((36,37),)),((40,41),)),((44,45),)),((48,49),))
((0,1,2),((4,5,6), ((8,9,10),((12,13,14),((16,17,18),((20,21,22),((24,25,26),),((28,29,30),)),((32,33,34),)),((36,37,38),)),((40,41,42),)),((44,45,46),)),((48,49,50),)) : ((0,1),((4,5), ((8,9),((12,13),((16,17),((20,21),((24,25),),((28,29),)),((32,33),)),((36,37),)),((40,41),)),((44,45),)),((48,49),))
((0,1,2),((4,5,6), ((8,9,10),((12,13,14),((16,17,18),((20,21,22),((24,25,26),),((28,29,30),)),((32,33,34),)),((36,37,38),)),((40,41,42),)),((44,45,46),)),((48,49,50),)) : ((0,1),((4,5), ((8,9),((12,13),((16,17),((20,21),((24,25),),((28,29),)),((32,33),)),((36,37),)),((40,41),)),((44,45),)),((48,49),))
((0,1,2),((4,5,6), ((8,9,10),((12,13,14),((16,17,18),((20,21,22),((24,25,26),),((28,29,30),)),((32,33,34),)),((36,37,38),)),((40,41,42),)),((44,45,46),)),((48,49,50),)) : ((0,1),((4,5), ((8,9),((12,13),((16,17),((20,21),((24,25),),((28,29),)),((32,33),)),((36,37),)),((40,41),)),((44,45),)),((48,49),))
((0,1,2),((4,5,6), ((8,9,10),((12,13,14),((16,17,18),((20,21,22),((24,25,26),),((28,29,30),)),((32,33,34),)),((36,37,38),)),((40,41,42),)),((44,45,46),)),((48,49,50),)) : ((0,1),((4,5), ((8,9),((12,13),((16,17),((20,21),((24,25),),((28,29),)),((32,33),)),((36,37),)),((40,41),)),((44,45),)),((48,49),))
((0,1,2),((4,5,6), ((8,9,10),((12,13,14),((16,17,18),((20,21,22),((24,25,26),),((28,29,30),)),((32,33,34),)),((36,37,38),)),((40,41,42),)),((44,45,46),)),((48,49,50),)) : ((0,1),((4,5), ((8,9),((12,13),((16,17),((20,21),((24,25),),((28,29),)),((32,33),)),((36,37),)),((40,41),)),((44,45),)),((48,49),))
((0,1,2),((4,5,6), ((8,9,10),((12,13,14),((16,17,18),((20,21,22),((24,25,26),),((28,29,30),)),((32,33,34),)),((36,37,38),)),((40,41,42),)),((44,45,46),)),((48,49,50),)) : ((0,1),((4,5), ((8,9),((12,13),((16,17),((20,21),((24,25),),((28,29),)),((32,33),)),((36,37),)),((40,41),)),((44,45),)),((48,49),))
((0,1,2),((4,5,6), ((8,9,10),((12,13,14),((16,17,18),((20,21,22),((24,25,26),),((28,29,30),)),((32,33,34),)),((36,37,38),)),((40,41,42),)),((44,45,46),)),((48,49,50),)) : ((0,1),((4,5), ((8,9),((12,13),((16,17),((20,21),((24,25),),((28,29),)),((32,33),)),((36,37),)),((40,41),)),((44,45),)),((48,49),))
((0,1,2),((4,5,6), ((8,9,10),((12,13,14),((16,17,18),((20,21,22),((24,25,26),),((28,29,30),)),((32,33,34),)),((36,37,38),)),((40,41,42),)),((44,45,46),)),((48,49,50),)) : ((0,1),((4,5), ((8,9),((12,13),((16,17),((20,21),((24,25),),((28,29),)),((32,33),)),((36,37),)),((40,41),)),((44,45),)),((48,49),))
((0,1,2),((4,5,6), ((8,9,10),((12,13,14),((16,17,18),((20,21,22),((24,25,26),),((28,29,30),)),((32,33,34),)),((36,37,38),)),((40,41,42),)),((44,45,46),)),((48,49,50),)) : ((0,1),((4,5), ((8,9),((12,13),((16,17),((20,21),((24,25),),((28,29),)),((32,33),)),((36,37),)),((40,41),)),((44,45),)),((48,49),))
((0,1,2),((4,5,6), ((8,9,10),((12,13,14),((16,17,18),((20,21,22),((24,25,26),),((28,29,30),)),((32,33,34),)),((36,37,38),)),((40,41,42),)),((44,45,46),)),((48,49,50),)) : ((0,1),((4,5), ((8,9),((12,13),((16,17),((20,21),((24,25),),((28,29),)),((32,33),)),((36,37),)),((40,41),)),((44,45),)),((48,49),))
((0,1,2),((4,5,6), ((8,9,10),((12,13,14),((16,17,18),((20,21,22),((24,25,26),),((28,29,30),)),((32,33,34),)),((36,37,38),)),((40,41,42),)),((44,45,46),)),((48,49,50),)) : ((0,1),((4,5), ((8,9),((12,13),((16,17),((20,21),((24,25),),((28,29),)),((32,33),)),((36,37),)),((40,41),)),((44,45),)),((48,49),))
((0,1,2),((4,5,6), ((8,9,10),((12,13,14),((16,17,18),((20,21,22),((24,25,26),),((28,29,30),)),((32,33,34),)),((36,37,38),)),((40,41,42),)),((44,45,46),)),((48,49,50),)) : ((0,1),((4,5), ((8,9),((12,13),((16,17),((20,21),((24,25),),((28,29),)),((32,33),)),((36,37),)),((40,41),)),((44,45),)),((48,49),))
((0,1,2),((4,5,6), ((8,9,10),((12,13,14),((16,17,18),((20,21,22),((24,25,26),),((28,29,30),)),((32,33,34),)),((36,37,38),)),((40,41,42),)),((44,45,46),)),((48,49,50),)) : ((0,1),((4,5), ((8,9),((12,13),((16,17),((20,21),((24,25),),((28,29),)),((32,33),)),((36,37),)),((40,41),)),((44,45),)),((48,49),))
((0,1,2),((4,5,6), ((8,9,10),((12,13,14),((16,17,18),((20,21,22),((24,25,26),),((28,29,30),)),((32,33,34),)),((36,37,38),)),((40,41,42),)),((44,45,46),)),((48,49,50),)) : ((0,1),((4,5), ((8,9),((12,13),((16,17),((20,21),((24,25),),((28,29),)),((32,33),)),((36,37),)),((40,41),)),((44,45),)),((48,49),))
((0,1,2),((4,5,6), ((8,9,10),((12,13,14),((16,17,18),((20,21,22),((24,25,26),),((28,29,30),)),((32,33,34),)),((36,37,38),)),((40,41,42),)),((44,45,46),)),((48,49,50),)) : ((0,1),((4,5), ((8,9),((12,13),((16,17),((20,21),((24,25),),((28,29),)),((32,33),)),((36,37),)),((40,41),)),((44,45),)),((48,49),))
