((0,1,2,3),((0,1,2,3), ((0,1,2,3),((0,1,3,2),((0,1,1,1),((0,3,1,1),((1,4,1,1),),((2,5,1,1),)),((0,1,1,1),)),((0,1,1,1),)),((0,19,1,1),)),((0,10,1,1),)),((0,11,1,1),)) : 100
((0,1,2,3),((0,1,2,3), ((0,1,2,3),((0,1,3,2),((0,1,1,1),((0,3,1,1),((1,4,1,1),),((2,5,1,1),)),((0,1,1,1),)),((0,1,1,1),)),((0,19,1,1),)),((0,10,1,1),)),((0,11,1,1),)) : 100
((0,1,2,3),((0,1,2,3), ((0,1,2,3),((0,1,3,2),((0,1,1,1),((0,3,1,1),((1,4,1,1),),((2,5,1,1),)),((0,1,1,1),)),((0,1,1,1),)),((0,19,1,1),)),((0,10,1,1),)),((0,11,1,1),)) : 100
((0,1,2,3),((0,1,2,3), ((0,1,2,3),((0,1,3,2),((0,1,1,1),((0,3,1,1),((1,4,1,1),),((2,5,1,1),)),((0,1,1,1),)),((0,1,1,1),)),((0,19,1,1),)),((0,10,1,1),)),((0,11,1,1),)) : 100
((0,1,2,3),((0,1,2,3), ((0,1,2,3),((0,1,3,2),((0,1,1,1),((0,3,1,1),((1,4,1,1),),((2,5,1,1),)),((0,1,1,1),)),((0,1,1,1),)),((0,19,1,1),)),((0,10,1,1),)),((0,11,1,1),)) : 100
((0,1,2,3),((0,1,2,3), ((0,1,2,3),((0,1,3,2),((0,1,1,1),((0,3,1,1),((1,4,1,1),),((2,5,1,1),)),((0,1,1,1),)),((0,1,1,1),)),((0,19,1,1),)),((0,10,1,1),)),((0,11,1,1),)) : 100
((0,1,2,3),((0,1,2,3), ((0,1,2,3),((0,1,3,2),((0,1,1,1),((0,3,1,1),((1,4,1,1),),((2,5,1,1),)),((0,1,1,1),)),((0,1,1,1),)),((0,19,1,1),)),((0,10,1,1),)),((0,11,1,1),)) : 100
((0,1,2,3),((0,1,2,3), ((0,1,2,3),((0,1,3,2),((0,1,1,1),((0,3,1,1),((1,4,1,1),),((2,5,1,1),)),((0,1,1,1),)),((0,1,1,1),)),((0,19,1,1),)),((0,10,1,1),)),((0,11,1,1),)) : 100
((0,1,2,3),((0,1,2,3), ((0,1,2,3),((0,1,3,2),((0,1,1,1),((0,3,1,1),((1,4,1,1),),((2,5,1,1),)),((0,1,1,1),)),((0,1,1,1),)),((0,19,1,1),)),((0,10,1,1),)),((0,11,1,1),)) : 100
((0,1,2,3),((0,1,2,3), ((0,1,2,3),((0,1,3,2),((0,1,1,1),((0,3,1,1),((1,4,1,1),),((2,5,1,1),)),((0,1,1,1),)),((0,1,1,1),)),((0,19,1,1),)),((0,10,1,1),)),((0,11,1,1),)) : 100
((0,1,2,3),((0,1,2,3), ((0,1,2,3),((0,1,3,2),((0,1,1,1),((0,3,1,1),((1,4,1,1),),((2,5,1,1),)),((0,1,1,1),)),((0,1,1,1),)),((0,19,1,1),)),((0,10,1,1),)),((0,11,1,1),)) : 100
((0,1,2,3),((0,1,2,3), ((0,1,2,3),((0,1,3,2),((0,1,1,1),((0,3,1,1),((1,4,1,1),),((2,5,1,1),)),((0,1,1,1),)),((0,1,1,1),)),((0,19,1,1),)),((0,10,1,1),)),((0,11,1,1),)) : 100
((0,1,2,3),((0,1,2,3), ((0,1,2,3),((0,1,3,2),((0,1,1,1),((0,3,1,1),((1,4,1,1),),((2,5,1,1),)),((0,1,1,1),)),((0,1,1,1),)),((0,19,1,1),)),((0,10,1,1),)),((0,11,1,1),)) : 100
((0,1,2,3),((0,1,2,3), ((0,1,2,3),((0,1,3,2),((0,1,1,1),((0,3,1,1),((1,4,1,1),),((2,5,1,1),)),((0,1,1,1),)),((0,1,1,1),)),((0,19,1,1),)),((0,10,1,1),)),((0,11,1,1),)) : 100
((0,1,2,3),((0,1,2,3), ((0,1,2,3),((0,1,3,2),((0,1,1,1),((0,3,1,1),((1,4,1,1),),((2,5,1,1),)),((0,1,1,1),)),((0,1,1,1),)),((0,19,1,1),)),((0,10,1,1),)),((0,11,1,1),)) : 100
((0,1,2,3),((0,1,2,3), ((0,1,2,3),((0,1,3,2),((0,1,1,1),((0,3,1,1),((1,4,1,1),),((2,5,1,1),)),((0,1,1,1),)),((0,1,1,1),)),((0,19,1,1),)),((0,10,1,1),)),((0,11,1,1),)) : 100
((0,1,2,3),((0,1,2,3), ((0,1,2,3),((0,1,3,2),((0,1,1,1),((0,3,1,1),((1,4,1,1),),((2,5,1,1),)),((0,1,1,1),)),((0,1,1,1),)),((0,19,1,1),)),((0,10,1,1),)),((0,11,1,1),)) : 100
((0,1,2,3),((0,1,2,3), ((0,1,2,3),((0,1,3,2),((0,1,1,1),((0,3,1,1),((1,4,1,1),),((2,5,1,1),)),((0,1,1,1),)),((0,1,1,1),)),((0,19,1,1),)),((0,10,1,1),)),((0,11,1,1),)) : 100
((0,1,2,3),((0,1,2,3), ((0,1,2,3),((0,1,3,2),((0,1,1,1),((0,3,1,1),((1,4,1,1),),((2,5,1,1),)),((0,1,1,1),)),((0,1,1,1),)),((0,19,1,1),)),((0,10,1,1),)),((0,11,1,1),)) : 100
((0,1,2,3),((0,1,2,3), ((0,1,2,3),((0,1,3,2),((0,1,1,1),((0,3,1,1),((1,4,1,1),),((2,5,1,1),)),((0,1,1,1),)),((0,1,1,1),)),((0,19,1,1),)),((0,10,1,1),)),((0,11,1,1),)) : 100
((0,1,2,3),((0,1,2,3), ((0,1,2,3),((0,1,3,2),((0,1,1,1),((0,3,1,1),((1,4,1,1),),((2,5,1,1),)),((0,1,1,1),)),((0,1,1,1),)),((0,19,1,1),)),((0,10,1,1),)),((0,11,1,1),)) : 100
((0,1,2,3),((0,1,2,3), ((0,1,2,3),((0,1,3,2),((0,1,1,1),((0,3,1,1),((1,4,1,1),),((2,5,1,1),)),((0,1,1,1),)),((0,1,1,1),)),((0,19,1,1),)),((0,10,1,1),)),((0,11,1,1),)) : 100
((0,1,2,3),((0,1,2,3), ((0,1,2,3),((0,1,3,2),((0,1,1,1),((0,3,1,1),((1,4,1,1),),((2,5,1,1),)),((0,1,1,1),)),((0,1,1,1),)),((0,19,1,1),)),((0,10,1,1),)),((0,11,1,1),)) : 100
((0,1,2,3),((0,1,2,3), ((0,1,2,3),((0,1,3,2),((0,1,1,1),((0,3,1,1),((1,4,1,1),),((2,5,1,1),)),((0,1,1,1),)),((0,1,1,1),)),((0,19,1,1),)),((0,10,1,1),)),((0,11,1,1),)) : 100
((0,1,2,3),((0,1,2,3), ((0,1,2,3),((0,1,3,2),((0,1,1,1),((0,3,1,1),((1,4,1,1),),((2,5,1,1),)),((0,1,1,1),)),((0,1,1,1),)),((0,19,1,1),)),((0,10,1,1),)),((0,11,1,1),)) : 100
((0,1,2,3),((0,1,2,3), ((0,1,2,3),((0,1,3,2),((0,1,1,1),((0,3,1,1),((1,4,1,1),),((2,5,1,1),)),((0,1,1,1),)),((0,1,1,1),)),((0,19,1,1),)),((0,10,1,1),)),((0,11,1,1),)) : 100
((0,1,2,3),((0,1,2,3), ((0,1,2,3),((0,1,3,2),((0,1,1,1),((0,3,1,1),((1,4,1,1),),((2,5,1,1),)),((0,1,1,1),)),((0,1,1,1),)),((0,19,1,1),)),((0,10,1,1),)),((0,11,1,1),)) : 100
((0,1,2,3),((0,1,2,3), ((0,1,2,3),((0,1,3,2),((0,1,1,1),((0,3,1,1),((1,4,1,1),),((2,5,1,1),)),((0,1,1,1),)),((0,1,1,1),)),((0,19,1,1),)),((0,10,1,1),)),((0,11,1,1),)) : 100
((0,1,2,3),((0,1,2,3), ((0,1,2,3),((0,1,3,2),((0,1,1,1),((0,3,1,1),((1,4,1,1),),((2,5,1,1),)),((0,1,1,1),)),((0,1,1,1),)),((0,19,1,1),)),((0,10,1,1),)),((0,11,1,1),)) : 100
((0,1,2,3),((0,1,2,3), ((0,1,2,3),((0,1,3,2),((0,1,1,1),((0,3,1,1),((1,4,1,1),),((2,5,1,1),)),((0,1,1,1),)),((0,1,1,1),)),((0,19,1,1),)),((0,10,1,1),)),((0,11,1,1),)) : 100
((0,1,2,3),((0,1,2,3), ((0,1,2,3),((0,1,3,2),((0,1,1,1),((0,3,1,1),((1,4,1,1),),((2,5,1,1),)),((0,1,1,1),)),((0,1,1,1),)),((0,19,1,1),)),((0,10,1,1),)),((0,11,1,1),)) : 100
((0,1,2,3),((0,1,2,3), ((0,1,2,3),((0,1,3,2),((0,1,1,1),((0,3,1,1),((1,4,1,1),),((2,5,1,1),)),((0,1,1,1),)),((0,1,1,1),)),((0,19,1,1),)),((0,10,1,1),)),((0,11,1,1),)) : 100